1.428571428571428492e-01
1.904761904761904656e-01
1.904761904761904656e-01
1.428571428571428492e-01
1.428571428571428492e-01
4.761904761904761640e-02
9.523809523809523281e-02
4.761904761904761640e-02
9.523809523809523281e-02
9.523809523809523281e-02
4.761904761904761640e-02
0.000000000000000000e+00
0.000000000000000000e+00
0.000000000000000000e+00
1.904761904761904656e-01
9.523809523809523281e-02
9.523809523809523281e-02
9.523809523809523281e-02
9.523809523809523281e-02
9.523809523809523281e-02
4.761904761904761640e-02
1.428571428571428492e-01
1.428571428571428492e-01
1.904761904761904656e-01
1.428571428571428492e-01
9.523809523809523281e-02
2.380952380952380820e-01
9.523809523809523281e-02
1.428571428571428492e-01
4.761904761904761640e-02
9.523809523809523281e-02
2.380952380952380820e-01
1.428571428571428492e-01
4.761904761904761640e-02
1.904761904761904656e-01
4.761904761904761640e-02
9.523809523809523281e-02
1.428571428571428492e-01
9.523809523809523281e-02
1.428571428571428492e-01
0.000000000000000000e+00
0.000000000000000000e+00
0.000000000000000000e+00
0.000000000000000000e+00
4.761904761904761640e-02
4.761904761904761640e-02
0.000000000000000000e+00
0.000000000000000000e+00
0.000000000000000000e+00
0.000000000000000000e+00
1.428571428571428492e-01
9.523809523809523281e-02
9.523809523809523281e-02
1.904761904761904656e-01
9.523809523809523281e-02
9.523809523809523281e-02
1.428571428571428492e-01
1.904761904761904656e-01
3.809523809523809312e-01
3.333333333333333148e-01
9.523809523809523281e-02
1.428571428571428492e-01
4.761904761904761640e-02
4.761904761904761640e-02
9.523809523809523281e-02
0.000000000000000000e+00
4.761904761904761640e-02
9.523809523809523281e-02
4.761904761904761640e-02
0.000000000000000000e+00
1.428571428571428492e-01
2.380952380952380820e-01
4.761904761904761640e-02
4.761904761904761640e-02
4.761904761904761640e-02
0.000000000000000000e+00
1.904761904761904656e-01
9.523809523809523281e-02
1.428571428571428492e-01
1.904761904761904656e-01
4.761904761904761640e-02
2.380952380952380820e-01
1.428571428571428492e-01
9.523809523809523281e-02
1.428571428571428492e-01
4.761904761904761640e-02
9.523809523809523281e-02
1.904761904761904656e-01
9.523809523809523281e-02
0.000000000000000000e+00
0.000000000000000000e+00
1.428571428571428492e-01
1.428571428571428492e-01
1.428571428571428492e-01
1.904761904761904656e-01
1.428571428571428492e-01
1.904761904761904656e-01
4.761904761904761640e-02
1.428571428571428492e-01
1.428571428571428492e-01
9.523809523809523281e-02
1.428571428571428492e-01
1.904761904761904656e-01
3.333333333333333148e-01
3.809523809523809312e-01
3.809523809523809312e-01
9.523809523809523281e-02
2.380952380952380820e-01
2.380952380952380820e-01
2.380952380952380820e-01
0.000000000000000000e+00
2.857142857142856984e-01
2.857142857142856984e-01
1.904761904761904656e-01
2.857142857142856984e-01
9.523809523809523281e-02
3.333333333333333148e-01
2.380952380952380820e-01
2.857142857142856984e-01
0.000000000000000000e+00
1.428571428571428492e-01
1.904761904761904656e-01
1.428571428571428492e-01
9.523809523809523281e-02
4.761904761904761640e-02
1.904761904761904656e-01
4.761904761904761640e-02
9.523809523809523281e-02
1.428571428571428492e-01
3.809523809523809312e-01
1.428571428571428492e-01
2.380952380952380820e-01
2.380952380952380820e-01
1.904761904761904656e-01
2.380952380952380820e-01
3.809523809523809312e-01
3.809523809523809312e-01
1.428571428571428492e-01
2.380952380952380820e-01
1.428571428571428492e-01
1.904761904761904656e-01
4.761904761904761640e-02
0.000000000000000000e+00
4.761904761904761640e-02
9.523809523809523281e-02
0.000000000000000000e+00
0.000000000000000000e+00
9.523809523809523281e-02
0.000000000000000000e+00
1.904761904761904656e-01
4.761904761904761640e-02
2.380952380952380820e-01
1.428571428571428492e-01
4.761904761904761640e-02
4.761904761904761640e-02
9.523809523809523281e-02
4.761904761904761640e-02
4.761904761904761640e-02
0.000000000000000000e+00
1.904761904761904656e-01
1.428571428571428492e-01
1.904761904761904656e-01
0.000000000000000000e+00
0.000000000000000000e+00
0.000000000000000000e+00
4.761904761904761640e-02
4.761904761904761640e-02
0.000000000000000000e+00
0.000000000000000000e+00
4.761904761904761640e-02
0.000000000000000000e+00
2.380952380952380820e-01
9.523809523809523281e-02
1.428571428571428492e-01
0.000000000000000000e+00
9.523809523809523281e-02
0.000000000000000000e+00
0.000000000000000000e+00
9.523809523809523281e-02
4.761904761904761640e-02
0.000000000000000000e+00
0.000000000000000000e+00
4.761904761904761640e-02
9.523809523809523281e-02
4.761904761904761640e-02
9.523809523809523281e-02
1.428571428571428492e-01
1.428571428571428492e-01
2.380952380952380820e-01
4.761904761904761640e-02
1.428571428571428492e-01
4.761904761904761640e-02
4.761904761904761640e-02
0.000000000000000000e+00
0.000000000000000000e+00
9.523809523809523281e-02
1.428571428571428492e-01
1.428571428571428492e-01
4.761904761904761640e-02
1.428571428571428492e-01
9.523809523809523281e-02
9.523809523809523281e-02
0.000000000000000000e+00
1.904761904761904656e-01
1.428571428571428492e-01
4.761904761904761640e-02
2.380952380952380820e-01
1.428571428571428492e-01
4.761904761904761640e-02
9.523809523809523281e-02
2.857142857142856984e-01
9.523809523809523281e-02
1.904761904761904656e-01
1.428571428571428492e-01
2.380952380952380820e-01
1.428571428571428492e-01
0.000000000000000000e+00
9.523809523809523281e-02
0.000000000000000000e+00
1.428571428571428492e-01
9.523809523809523281e-02
0.000000000000000000e+00
4.761904761904761640e-02
1.428571428571428492e-01
0.000000000000000000e+00
4.761904761904761640e-02
4.761904761904761640e-02
1.904761904761904656e-01
1.904761904761904656e-01
1.904761904761904656e-01
2.380952380952380820e-01
3.333333333333333148e-01
2.857142857142856984e-01
1.428571428571428492e-01
2.380952380952380820e-01
3.333333333333333148e-01
2.857142857142856984e-01
9.523809523809523281e-02
1.904761904761904656e-01
2.380952380952380820e-01
9.523809523809523281e-02
2.380952380952380820e-01
2.380952380952380820e-01
1.428571428571428492e-01
9.523809523809523281e-02
1.904761904761904656e-01
9.523809523809523281e-02
3.333333333333333148e-01
2.380952380952380820e-01
1.904761904761904656e-01
2.857142857142856984e-01
1.428571428571428492e-01
2.857142857142856984e-01
2.380952380952380820e-01
0.000000000000000000e+00
9.523809523809523281e-02
0.000000000000000000e+00
0.000000000000000000e+00
1.904761904761904656e-01
1.428571428571428492e-01
9.523809523809523281e-02
2.857142857142856984e-01
2.857142857142856984e-01
4.761904761904761640e-02
2.857142857142856984e-01
1.904761904761904656e-01
2.380952380952380820e-01
2.380952380952380820e-01
