4.347826086956521618e-02
4.347826086956521618e-02
0.000000000000000000e+00
4.347826086956521618e-02
0.000000000000000000e+00
4.347826086956521618e-02
0.000000000000000000e+00
0.000000000000000000e+00
0.000000000000000000e+00
0.000000000000000000e+00
0.000000000000000000e+00
0.000000000000000000e+00
4.347826086956521618e-02
4.347826086956521618e-02
0.000000000000000000e+00
0.000000000000000000e+00
0.000000000000000000e+00
4.347826086956521618e-02
0.000000000000000000e+00
0.000000000000000000e+00
0.000000000000000000e+00
4.347826086956521618e-02
0.000000000000000000e+00
0.000000000000000000e+00
0.000000000000000000e+00
0.000000000000000000e+00
4.347826086956521618e-02
0.000000000000000000e+00
4.347826086956521618e-02
4.347826086956521618e-02
0.000000000000000000e+00
4.347826086956521618e-02
0.000000000000000000e+00
0.000000000000000000e+00
0.000000000000000000e+00
0.000000000000000000e+00
0.000000000000000000e+00
4.347826086956521618e-02
0.000000000000000000e+00
4.347826086956521618e-02
4.347826086956521618e-02
0.000000000000000000e+00
0.000000000000000000e+00
4.347826086956521618e-02
0.000000000000000000e+00
0.000000000000000000e+00
0.000000000000000000e+00
0.000000000000000000e+00
0.000000000000000000e+00
0.000000000000000000e+00
1.739130434782608647e-01
0.000000000000000000e+00
4.347826086956521618e-02
0.000000000000000000e+00
0.000000000000000000e+00
0.000000000000000000e+00
4.347826086956521618e-02
0.000000000000000000e+00
4.347826086956521618e-02
8.695652173913043237e-02
0.000000000000000000e+00
4.347826086956521618e-02
0.000000000000000000e+00
4.347826086956521618e-02
0.000000000000000000e+00
0.000000000000000000e+00
8.695652173913043237e-02
0.000000000000000000e+00
0.000000000000000000e+00
0.000000000000000000e+00
4.347826086956521618e-02
0.000000000000000000e+00
0.000000000000000000e+00
0.000000000000000000e+00
4.347826086956521618e-02
4.347826086956521618e-02
0.000000000000000000e+00
4.347826086956521618e-02
8.695652173913043237e-02
1.304347826086956486e-01
4.347826086956521618e-02
8.695652173913043237e-02
0.000000000000000000e+00
4.347826086956521618e-02
4.347826086956521618e-02
0.000000000000000000e+00
4.347826086956521618e-02
0.000000000000000000e+00
0.000000000000000000e+00
0.000000000000000000e+00
4.347826086956521618e-02
1.739130434782608647e-01
0.000000000000000000e+00
4.347826086956521618e-02
8.695652173913043237e-02
8.695652173913043237e-02
4.347826086956521618e-02
0.000000000000000000e+00
8.695652173913043237e-02
0.000000000000000000e+00
1.304347826086956486e-01
4.347826086956521618e-02
1.304347826086956486e-01
8.695652173913043237e-02
0.000000000000000000e+00
8.695652173913043237e-02
0.000000000000000000e+00
0.000000000000000000e+00
8.695652173913043237e-02
8.695652173913043237e-02
0.000000000000000000e+00
0.000000000000000000e+00
4.347826086956521618e-02
1.739130434782608647e-01
1.304347826086956486e-01
0.000000000000000000e+00
8.695652173913043237e-02
8.695652173913043237e-02
4.347826086956521618e-02
0.000000000000000000e+00
4.347826086956521618e-02
8.695652173913043237e-02
8.695652173913043237e-02
0.000000000000000000e+00
4.347826086956521618e-02
4.347826086956521618e-02
8.695652173913043237e-02
8.695652173913043237e-02
8.695652173913043237e-02
1.304347826086956486e-01
1.739130434782608647e-01
1.739130434782608647e-01
2.608695652173912971e-01
0.000000000000000000e+00
8.695652173913043237e-02
4.347826086956521618e-02
0.000000000000000000e+00
0.000000000000000000e+00
0.000000000000000000e+00
0.000000000000000000e+00
4.347826086956521618e-02
4.347826086956521618e-02
0.000000000000000000e+00
0.000000000000000000e+00
0.000000000000000000e+00
0.000000000000000000e+00
0.000000000000000000e+00
0.000000000000000000e+00
0.000000000000000000e+00
0.000000000000000000e+00
0.000000000000000000e+00
4.347826086956521618e-02
0.000000000000000000e+00
0.000000000000000000e+00
0.000000000000000000e+00
0.000000000000000000e+00
0.000000000000000000e+00
0.000000000000000000e+00
4.347826086956521618e-02
4.347826086956521618e-02
0.000000000000000000e+00
0.000000000000000000e+00
0.000000000000000000e+00
0.000000000000000000e+00
4.347826086956521618e-02
4.347826086956521618e-02
4.347826086956521618e-02
0.000000000000000000e+00
0.000000000000000000e+00
0.000000000000000000e+00
0.000000000000000000e+00
1.304347826086956486e-01
0.000000000000000000e+00
4.347826086956521618e-02
4.347826086956521618e-02
0.000000000000000000e+00
0.000000000000000000e+00
0.000000000000000000e+00
0.000000000000000000e+00
0.000000000000000000e+00
0.000000000000000000e+00
0.000000000000000000e+00
0.000000000000000000e+00
0.000000000000000000e+00
4.347826086956521618e-02
8.695652173913043237e-02
0.000000000000000000e+00
0.000000000000000000e+00
8.695652173913043237e-02
0.000000000000000000e+00
4.347826086956521618e-02
4.347826086956521618e-02
0.000000000000000000e+00
0.000000000000000000e+00
4.347826086956521618e-02
0.000000000000000000e+00
0.000000000000000000e+00
1.304347826086956486e-01
0.000000000000000000e+00
4.347826086956521618e-02
4.347826086956521618e-02
4.347826086956521618e-02
4.347826086956521618e-02
4.347826086956521618e-02
0.000000000000000000e+00
1.304347826086956486e-01
4.347826086956521618e-02
0.000000000000000000e+00
0.000000000000000000e+00
0.000000000000000000e+00
0.000000000000000000e+00
4.347826086956521618e-02
0.000000000000000000e+00
0.000000000000000000e+00
4.347826086956521618e-02
0.000000000000000000e+00
0.000000000000000000e+00
4.347826086956521618e-02
4.347826086956521618e-02
4.347826086956521618e-02
0.000000000000000000e+00
0.000000000000000000e+00
0.000000000000000000e+00
0.000000000000000000e+00
0.000000000000000000e+00
0.000000000000000000e+00
0.000000000000000000e+00
8.695652173913043237e-02
0.000000000000000000e+00
4.347826086956521618e-02
8.695652173913043237e-02
4.347826086956521618e-02
0.000000000000000000e+00
4.347826086956521618e-02
2.608695652173912971e-01
8.695652173913043237e-02
8.695652173913043237e-02
8.695652173913043237e-02
0.000000000000000000e+00
4.347826086956521618e-02
4.347826086956521618e-02
4.347826086956521618e-02
8.695652173913043237e-02
4.347826086956521618e-02
2.173913043478260809e-01
4.347826086956521618e-02
4.347826086956521618e-02
4.347826086956521618e-02
4.347826086956521618e-02
2.173913043478260809e-01
1.304347826086956486e-01
8.695652173913043237e-02
1.304347826086956486e-01
8.695652173913043237e-02
0.000000000000000000e+00
1.739130434782608647e-01
0.000000000000000000e+00
4.347826086956521618e-02
0.000000000000000000e+00
1.304347826086956486e-01
1.304347826086956486e-01
2.173913043478260809e-01
4.347826086956521618e-02
8.695652173913043237e-02
8.695652173913043237e-02
0.000000000000000000e+00
1.739130434782608647e-01
1.304347826086956486e-01
