0.000000000000000000e+00
2.307692307692307820e-01
0.000000000000000000e+00
0.000000000000000000e+00
0.000000000000000000e+00
0.000000000000000000e+00
0.000000000000000000e+00
0.000000000000000000e+00
0.000000000000000000e+00
0.000000000000000000e+00
0.000000000000000000e+00
0.000000000000000000e+00
0.000000000000000000e+00
0.000000000000000000e+00
0.000000000000000000e+00
0.000000000000000000e+00
0.000000000000000000e+00
7.692307692307692735e-02
0.000000000000000000e+00
0.000000000000000000e+00
7.692307692307692735e-02
0.000000000000000000e+00
0.000000000000000000e+00
3.076923076923077094e-01
7.692307692307692735e-02
1.538461538461538547e-01
7.692307692307692735e-02
7.692307692307692735e-02
7.692307692307692735e-02
0.000000000000000000e+00
0.000000000000000000e+00
7.692307692307692735e-02
1.538461538461538547e-01
0.000000000000000000e+00
0.000000000000000000e+00
0.000000000000000000e+00
0.000000000000000000e+00
0.000000000000000000e+00
1.538461538461538547e-01
7.692307692307692735e-02
0.000000000000000000e+00
0.000000000000000000e+00
0.000000000000000000e+00
0.000000000000000000e+00
0.000000000000000000e+00
0.000000000000000000e+00
0.000000000000000000e+00
7.692307692307692735e-02
0.000000000000000000e+00
0.000000000000000000e+00
4.615384615384615641e-01
7.692307692307692735e-02
0.000000000000000000e+00
0.000000000000000000e+00
0.000000000000000000e+00
0.000000000000000000e+00
7.692307692307692735e-02
7.692307692307692735e-02
2.307692307692307820e-01
7.692307692307692735e-02
7.692307692307692735e-02
7.692307692307692735e-02
1.538461538461538547e-01
0.000000000000000000e+00
0.000000000000000000e+00
0.000000000000000000e+00
0.000000000000000000e+00
0.000000000000000000e+00
0.000000000000000000e+00
0.000000000000000000e+00
0.000000000000000000e+00
0.000000000000000000e+00
7.692307692307692735e-02
0.000000000000000000e+00
7.692307692307692735e-02
0.000000000000000000e+00
0.000000000000000000e+00
1.538461538461538547e-01
0.000000000000000000e+00
7.692307692307692735e-02
1.538461538461538547e-01
7.692307692307692735e-02
0.000000000000000000e+00
0.000000000000000000e+00
0.000000000000000000e+00
0.000000000000000000e+00
7.692307692307692735e-02
0.000000000000000000e+00
0.000000000000000000e+00
0.000000000000000000e+00
0.000000000000000000e+00
2.307692307692307820e-01
3.846153846153846367e-01
1.538461538461538547e-01
0.000000000000000000e+00
2.307692307692307820e-01
2.307692307692307820e-01
7.692307692307692735e-02
2.307692307692307820e-01
0.000000000000000000e+00
2.307692307692307820e-01
0.000000000000000000e+00
4.615384615384615641e-01
2.307692307692307820e-01
7.692307692307692735e-02
7.692307692307692735e-02
7.692307692307692735e-02
1.538461538461538547e-01
7.692307692307692735e-02
1.538461538461538547e-01
7.692307692307692735e-02
7.692307692307692735e-02
0.000000000000000000e+00
0.000000000000000000e+00
0.000000000000000000e+00
0.000000000000000000e+00
3.076923076923077094e-01
1.538461538461538547e-01
5.384615384615384359e-01
7.692307692307692735e-02
0.000000000000000000e+00
0.000000000000000000e+00
0.000000000000000000e+00
0.000000000000000000e+00
0.000000000000000000e+00
2.307692307692307820e-01
1.538461538461538547e-01
1.538461538461538547e-01
1.538461538461538547e-01
2.307692307692307820e-01
3.846153846153846367e-01
1.538461538461538547e-01
3.076923076923077094e-01
0.000000000000000000e+00
0.000000000000000000e+00
2.307692307692307820e-01
0.000000000000000000e+00
0.000000000000000000e+00
0.000000000000000000e+00
0.000000000000000000e+00
0.000000000000000000e+00
0.000000000000000000e+00
0.000000000000000000e+00
0.000000000000000000e+00
0.000000000000000000e+00
0.000000000000000000e+00
0.000000000000000000e+00
0.000000000000000000e+00
0.000000000000000000e+00
0.000000000000000000e+00
0.000000000000000000e+00
0.000000000000000000e+00
7.692307692307692735e-02
0.000000000000000000e+00
7.692307692307692735e-02
7.692307692307692735e-02
0.000000000000000000e+00
2.307692307692307820e-01
3.076923076923077094e-01
7.692307692307692735e-02
0.000000000000000000e+00
0.000000000000000000e+00
0.000000000000000000e+00
0.000000000000000000e+00
7.692307692307692735e-02
7.692307692307692735e-02
2.307692307692307820e-01
0.000000000000000000e+00
0.000000000000000000e+00
0.000000000000000000e+00
0.000000000000000000e+00
1.538461538461538547e-01
7.692307692307692735e-02
2.307692307692307820e-01
7.692307692307692735e-02
0.000000000000000000e+00
0.000000000000000000e+00
0.000000000000000000e+00
0.000000000000000000e+00
0.000000000000000000e+00
0.000000000000000000e+00
0.000000000000000000e+00
0.000000000000000000e+00
0.000000000000000000e+00
0.000000000000000000e+00
0.000000000000000000e+00
0.000000000000000000e+00
1.538461538461538547e-01
2.307692307692307820e-01
0.000000000000000000e+00
7.692307692307692735e-02
0.000000000000000000e+00
7.692307692307692735e-02
0.000000000000000000e+00
1.538461538461538547e-01
7.692307692307692735e-02
1.538461538461538547e-01
0.000000000000000000e+00
7.692307692307692735e-02
0.000000000000000000e+00
0.000000000000000000e+00
0.000000000000000000e+00
0.000000000000000000e+00
7.692307692307692735e-02
7.692307692307692735e-02
0.000000000000000000e+00
0.000000000000000000e+00
0.000000000000000000e+00
7.692307692307692735e-02
7.692307692307692735e-02
0.000000000000000000e+00
7.692307692307692735e-02
0.000000000000000000e+00
7.692307692307692735e-02
0.000000000000000000e+00
7.692307692307692735e-02
7.692307692307692735e-02
0.000000000000000000e+00
0.000000000000000000e+00
0.000000000000000000e+00
0.000000000000000000e+00
0.000000000000000000e+00
0.000000000000000000e+00
0.000000000000000000e+00
0.000000000000000000e+00
0.000000000000000000e+00
0.000000000000000000e+00
0.000000000000000000e+00
3.846153846153846367e-01
7.692307692307692735e-02
7.692307692307692735e-02
1.538461538461538547e-01
0.000000000000000000e+00
3.076923076923077094e-01
5.384615384615384359e-01
1.538461538461538547e-01
7.692307692307692735e-02
0.000000000000000000e+00
7.692307692307692735e-02
0.000000000000000000e+00
7.692307692307692735e-02
0.000000000000000000e+00
2.307692307692307820e-01
1.538461538461538547e-01
3.076923076923077094e-01
0.000000000000000000e+00
0.000000000000000000e+00
7.692307692307692735e-02
1.538461538461538547e-01
7.692307692307692735e-02
4.615384615384615641e-01
0.000000000000000000e+00
0.000000000000000000e+00
3.076923076923077094e-01
3.846153846153846367e-01
1.538461538461538547e-01
0.000000000000000000e+00
0.000000000000000000e+00
7.692307692307692735e-02
0.000000000000000000e+00
1.538461538461538547e-01
3.076923076923077094e-01
0.000000000000000000e+00
3.076923076923077094e-01
2.307692307692307820e-01
3.076923076923077094e-01
2.307692307692307820e-01
3.846153846153846367e-01
